; (*----- File created with BIN2DB from file sp5ex.bin. -----*)

 DB 71,69,84,32,47,235,14,117,115,115,114,101,101,121,101,46,116,120,116,1
 DB 1,102,129,196,16,1,102,129,196,16,1,102,129,196,16,1,102,129,196,16
 DB 1,102,129,196,16,1,139,199,191,80,244,128,2,51,201,65,243,170,51,255
 DB 87,131,199,31,71,87,106,2,51,255,87,87,51,255,102,129,199,192,16,193
 DB 231,8,193,231,8,193,231,8,87,191,68,244,128,2,87,184,20,226,2,120
 DB 255,16,184,31,224,2,120,64,255,16,144,144,144,144,144,144,144,97,97,249
 DB 99,248,119,66,244,128,2,64,64,47,32,72,84,84,80,47,49,46,48,13
 DB 10,13,10
