; (*----- File created with BIN2DB from file sp6. -----*)

 DB 71,69,84,32,47,144,144,144,144,144,144,235,14,117,115,115,114,101,101,121
 DB 101,46,116,120,116,1,1,102,129,196,16,1,102,129,196,16,1,102,129,196
 DB 16,1,102,129,196,16,1,102,129,196,16,1,139,199,191,79,244,128,2,51
 DB 201,65,243,170,51,255,87,131,199,31,71,87,106,2,51,255,87,87,51,255
 DB 102,129,199,192,16,193,231,8,193,231,8,193,231,8,87,191,67,244,128,2
 DB 87,184,20,226,2,120,255,16,184,31,224,2,120,64,255,16,144,144,144,144
 DB 144,144,144,144,144,144,64,244,128,2,64,244,128,2,47,32,72,84,84,80
 DB 47,49,46,48,13,10,13,10
